{
  "advancedEditorSelectedIdentifier" : "ProjectBrowser",
  "openSceneRelativePaths" : [
    "Immersive.usda"
  ],
  "recentIdentifiers" : {
    "AF09ED6F-1707-48FD-8720-65B998362C09" : [

    ]
  },
  "sceneCameraHistory" : {
    "AF09ED6F-1707-48FD-8720-65B998362C09" : [
      {
        "date" : 724056698.218855,
        "title" : "Untitled",
        "transform" : [
          0.9999245,
          1.2606055e-11,
          -0.012294288,
          0,
          0.0010252023,
          0.99651706,
          0.08338222,
          0,
          0.012251467,
          -0.08338853,
          0.99644184,
          0,
          0.65313923,
          1.4185963,
          8.421061,
          1
        ]
      },
      {
        "date" : 724056696.717914,
        "title" : "Untitled",
        "transform" : [
          0.9999245,
          -5.804851e-11,
          -0.012294288,
          0,
          0.0010252026,
          0.99651706,
          0.08338223,
          0,
          0.012251467,
          -0.08338854,
          0.99644184,
          0,
          0.6531394,
          1.4185964,
          8.421061,
          1
        ]
      },
      {
        "date" : 724053424.865851,
        "title" : "Untitled",
        "transform" : [
          0.9999244,
          -7.35792e-12,
          -0.012294288,
          0,
          0.0010252027,
          0.9965171,
          0.083382234,
          0,
          0.012251468,
          -0.08338854,
          0.9964418,
          0,
          1.2086136,
          0.254562,
          7.0906243,
          1
        ]
      },
      {
        "date" : 724053307.246067,
        "title" : "Untitled",
        "transform" : [
          0.9702465,
          -1.922408e-09,
          0.24211918,
          0,
          -0.031508133,
          0.99149626,
          0.12626284,
          0,
          -0.24006028,
          -0.1301348,
          0.96199584,
          0,
          0.6952752,
          0.0063984133,
          7.1958838,
          1
        ]
      },
      {
        "date" : 724053186.760864,
        "title" : "Untitled",
        "transform" : [
          0.9886561,
          -3.0052079e-06,
          0.15019712,
          0,
          -0.0127196815,
          0.99640596,
          0.08374623,
          0,
          -0.14965755,
          -0.08470671,
          0.98510265,
          0,
          -0.2283951,
          2.0730655,
          23.495216,
          1
        ]
      },
      {
        "date" : 724052878.320769,
        "title" : "Untitled",
        "transform" : [
          0.92595387,
          -3.0090741e-06,
          0.37763622,
          0,
          0.37740633,
          0.034899447,
          -0.9253898,
          0,
          -0.013176534,
          0.9993908,
          0.03231645,
          0,
          3.418759,
          24.6992,
          0.7126661,
          1
        ]
      },
      {
        "date" : 724052856.190159,
        "title" : "Untitled",
        "transform" : [
          -0.17207932,
          -3.0050953e-06,
          0.98508304,
          0,
          0.028681887,
          0.999576,
          0.005013347,
          0,
          -0.98466545,
          0.02911671,
          -0.17200631,
          0,
          -24.832176,
          2.2101936,
          -0.8511255,
          1
        ]
      },
      {
        "date" : 724052842.005858,
        "title" : "Untitled",
        "transform" : [
          0.99585176,
          -3.005274e-06,
          0.09098997,
          0,
          -0.0028042768,
          0.99952406,
          0.030724792,
          0,
          -0.09094675,
          -0.03085253,
          0.9953778,
          0,
          0.15565936,
          0.7237667,
          25.913412,
          1
        ]
      },
      {
        "date" : 724052829.919158,
        "title" : "Untitled",
        "transform" : [
          0.9614161,
          -3.000678e-06,
          -0.2750983,
          0,
          -0.13682953,
          0.8675252,
          -0.4782026,
          0,
          0.23865613,
          0.49739328,
          0.8340523,
          0,
          8.285263,
          13.859736,
          21.1928,
          1
        ]
      },
      {
        "date" : 724052822.062348,
        "title" : "Untitled",
        "transform" : [
          0.9614161,
          -3.008265e-06,
          -0.27509823,
          0,
          0.05022689,
          0.9831933,
          0.1755227,
          0,
          0.27047423,
          -0.18256767,
          0.945258,
          0,
          4.77574,
          0.5880518,
          9.554159,
          1
        ]
      }
    ]
  }
}